-0.090 -0.090 1986.150 2188.030 2178.240 2143.730 2121.680 2007.490 2010.000 2030.970 2061.100 2080.840 2096.980 2070.730
-0.060 -0.090 2444.060 2460.670 2477.790 2355.220 2324.070 2266.160 2245.610 2159.420 2155.400 2068.270 2024.720 1960.990
-0.030 -0.090 2396.400 2374.780 2239.190 2094.050 2083.960 2064.370 1965.020 1899.650 1822.660 1694.580 1658.350 1540.630
0.000 -0.090 1926.760 1851.390 1836.680 1595.540 1574.350 1595.240 1498.350 1469.320 1317.970 1203.120 1162.790 1087.350
0.030 -0.090 1400.910 1392.830 1319.150 1213.190 1186.710 1161.490 1093.350 1072.520 1020.080 909.430 847.650 819.470
0.060 -0.090 1029.080 1012.460 995.370 908.310 836.180 863.490 823.610 756.240 776.540 708.380 657.510 665.300
0.090 -0.090 828.620 783.970 767.000 680.980 658.310 657.620 642.590 626.410 599.090 560.830 538.920 544.500
0.090 -0.060 1000.210 921.180 893.430 826.160 816.000 819.190 776.360 748.540 710.840 659.520 629.450 612.300
0.060 -0.060 1208.660 1187.110 1170.260 1065.100 1066.740 1038.750 1034.330 941.860 911.300 834.130 787.880 790.160
0.030 -0.060 1619.550 1612.210 1585.880 1382.670 1415.170 1303.890 1297.910 1250.720 1148.430 1059.090 1035.620 1006.780
0.000 -0.060 2152.260 2142.070 2054.890 1887.880 1902.950 1815.210 1767.020 1662.280 1624.050 1454.150 1407.450 1305.070
-0.030 -0.060 2677.910 2606.950 2553.020 2372.540 2360.340 2317.650 2330.990 2247.410 2074.640 1923.560 1873.490 1781.810
-0.060 -0.060 2658.490 2636.180 2527.920 2468.920 2441.760 2411.480 2366.940 2367.300 2361.880 2309.980 2270.920 2249.270
-0.090 -0.060 1924.030 1970.860 1982.730 2017.010 1961.530 1881.550 1920.230 1942.410 1994.870 2087.690 2202.330 2237.970
-0.090 -0.030 1807.510 1904.560 1933.910 1928.170 1869.850 1793.670 1911.630 1880.500 1961.930 2089.470 2201.550 2226.140
-0.060 -0.030 2500.610 2599.710 2539.530 2558.270 2474.600 2391.680 2494.310 2407.600 2479.350 2492.420 2539.880 2502.700
-0.030 -0.030 2934.730 2818.620 2818.830 2695.650 2737.260 2631.290 2656.000 2551.980 2492.040 2421.600 2293.080 2221.230
0.000 -0.030 2645.720 2611.350 2510.230 2356.500 2363.130 2302.060 2186.660 2110.150 2056.030 1818.970 1781.310 1710.770
0.030 -0.030 2037.260 1986.430 1970.640 1811.830 1783.440 1761.540 1689.790 1622.630 1522.260 1442.010 1291.260 1252.400
0.060 -0.030 1557.700 1556.840 1513.380 1353.380 1327.690 1315.750 1251.080 1195.390 1160.650 1047.180 997.250 958.530
0.090 -0.030 1201.550 1131.050 1122.840 1020.870 1028.770 985.840 974.790 922.950 871.900 795.180 752.930 747.320
0.090 0.000 1456.150 1303.840 1362.650 1213.410 1207.090 1203.700 1140.940 1072.250 1034.220 939.870 881.620 907.750
0.060 0.000 1901.140 1776.850 1779.860 1617.140 1639.050 1588.390 1561.410 1443.820 1371.100 1289.870 1206.990 1150.380
0.030 0.000 2499.060 2329.650 2316.250 2032.460 2078.170 2086.510 2020.830 1931.960 1821.270 1656.430 1602.780 1453.470
0.000 0.000 2983.960 2914.630 2837.950 2589.650 2657.110 2543.830 2566.750 2444.840 2298.460 2160.840 2085.320 1940.610
-0.030 0.000 3015.560 3023.900 3038.700 2868.950 2872.730 2809.080 2878.040 2785.400 2739.100 2718.300 2604.190 2497.750
-0.060 0.000 2506.990 2506.000 2548.330 2613.420 2539.570 2455.100 2517.030 2525.750 2584.210 2692.300 2659.770 2713.480
-0.090 0.000 1752.810 1817.440 1780.600 1881.080 1859.430 1756.740 1901.530 1884.540 1896.410 2091.560 2175.840 2286.130
-0.090 0.030 1684.990 1677.420 1737.380 1772.420 1753.470 1711.830 1771.160 1780.070 1771.640 1927.900 2104.950 2230.950
-0.060 0.030 2365.470 2373.920 2382.860 2514.900 2408.550 2289.850 2451.540 2408.830 2521.670 2607.470 2678.380 2758.300
-0.030 0.030 2977.960 3036.260 2969.360 2987.360 2952.760 2884.950 2890.400 2914.520 2905.260 2869.730 2848.220 2834.200
0.000 0.030 3251.600 3150.080 3116.910 2943.100 2968.720 2924.460 2869.210 2844.000 2716.480 2635.370 2543.150 2442.780
0.030 0.030 2928.400 2803.790 2813.690 2529.350 2502.070 2528.960 2453.850 2370.920 2214.840 2049.820 1999.440 1889.860
0.060 0.030 2292.720 2214.890 2183.410 2019.870 1926.570 1983.500 1868.280 1741.690 1698.510 1565.960 1484.170 1412.200
0.090 0.030 1700.300 1707.740 1646.960 1549.770 1460.850 1444.140 1390.180 1366.450 1319.440 1203.210 1161.300 1083.540
0.090 0.060 1993.020 1910.060 1862.240 1702.710 1677.830 1738.950 1612.980 1604.270 1532.920 1411.140 1332.530 1210.040
0.060 0.060 2533.770 2491.390 2453.300 2300.190 2267.970 2206.470 2139.400 2069.230 1986.210 1875.900 1737.360 1684.880
0.030 0.060 3056.000 3004.580 2975.710 2857.740 2839.590 2803.590 2677.410 2648.470 2529.410 2296.650 2263.400 2151.650
0.000 0.060 3287.380 3249.280 3279.400 3205.450 3219.230 3078.670 3107.060 3042.990 2975.320 2869.310 2823.090 2695.450
-0.030 0.060 3029.130 3026.180 3049.520 3055.620 3003.980 2898.500 2968.190 3033.430 3011.740 3070.720 3056.770 3010.310
-0.060 0.060 2252.600 2260.310 2367.250 2473.170 2341.750 2308.870 2418.690 2380.640 2543.770 2687.640 2777.860 2761.140
-0.090 0.060 1579.980 1598.350 1627.180 1660.230 1663.960 1577.340 1682.520 1705.630 1752.020 1968.380 2048.320 2171.560
-0.090 0.090 1442.820 1512.810 1475.100 1512.990 1509.820 1440.090 1530.250 1523.790 1675.970 1786.420 1887.110 2018.070
-0.060 0.090 2057.540 2054.680 2100.990 2208.340 2180.040 2050.600 2163.170 2182.080 2280.990 2518.720 2552.480 2710.710
-0.030 0.090 2692.690 2744.710 2785.570 2885.470 2779.060 2807.910 2806.220 2881.660 2952.790 3059.820 3105.960 3122.470
0.000 0.090 3252.790 3270.160 3317.240 3301.910 3162.340 3247.180 3176.920 3152.300 3167.460 3123.360 3171.650 3072.650
0.030 0.090 3276.250 3234.730 3278.280 3170.300 3100.640 3115.980 3026.730 3003.560 2941.250 2801.690 2727.160 2530.710
0.060 0.090 2947.040 2839.980 2882.840 2752.170 2694.930 2680.550 2633.260 2482.460 2411.120 2196.210 2129.510 2093.990
0.090 0.090 2405.370 2280.950 2275.660 2182.250 2164.940 2100.460 2015.610 1981.480 1903.340 1700.120 1651.900 1516.520
